25.000000	25.000000	25.000000	25.000000	25.000000	25.000000	25.000000	25.000000	25.000000	25.000000	25.000000	25.000000	25.000000	25.000000	25.000000	25.000000	25.000000	25.000000	25.000000	25.000000	
25.000000	25.000000	25.000000	25.000000	25.000000	25.000000	25.000000	25.000000	25.000000	25.000000	25.000000	25.000000	25.000000	25.000000	25.000000	25.000000	25.000000	25.000000	25.000000	25.000000	
25.000000	25.000000	25.000000	25.000000	25.000000	25.000000	25.000000	25.000000	25.000000	25.000000	25.000000	25.000000	25.000000	25.000000	25.000000	25.000000	25.000000	25.000000	25.000000	25.000000	
25.000000	25.000000	25.000000	25.000000	25.000000	25.000000	25.000000	25.000000	25.000000	25.000000	25.000000	25.000000	25.000000	25.000000	25.000000	25.000000	25.000000	25.000000	25.000000	25.000000	
25.000000	25.000000	25.000000	25.000000	25.000000	25.000000	25.000000	25.000000	25.000000	25.000000	25.000000	25.000000	25.000000	25.000000	25.000000	25.000000	25.000000	25.000000	25.000000	25.000000	
25.000000	25.000000	25.000000	25.000000	25.000000	25.000000	25.000000	25.000000	25.000000	25.000000	25.000000	25.000000	25.000000	25.000000	25.000000	25.000000	25.000000	25.000000	25.000000	25.000000	
25.000000	25.000000	25.000000	25.000000	25.000000	25.000000	25.000000	25.000000	25.000000	25.000000	25.000000	25.000000	25.000000	25.000000	25.000000	25.000000	25.000000	25.000000	25.000000	25.000000	
25.000000	25.000000	25.000000	25.000000	25.000000	25.000000	25.000000	25.000000	25.000000	25.000000	25.000000	25.000000	25.000000	25.000000	25.000000	25.000000	25.000000	25.000000	25.000000	25.000000	
25.000000	25.000000	25.000000	25.000000	25.000000	25.000000	25.000000	25.000000	80.000000	80.000000	80.000000	80.000000	25.000000	25.000000	25.000000	25.000000	25.000000	25.000000	25.000000	25.000000	
25.000000	25.000000	25.000000	25.000000	25.000000	25.000000	25.000000	25.000000	80.000000	80.000000	80.000000	80.000000	25.000000	25.000000	25.000000	25.000000	25.000000	25.000000	25.000000	25.000000	
25.000000	25.000000	25.000000	25.000000	25.000000	25.000000	25.000000	25.000000	80.000000	80.000000	80.000000	80.000000	25.000000	25.000000	25.000000	25.000000	25.000000	25.000000	25.000000	25.000000	
25.000000	25.000000	25.000000	25.000000	25.000000	25.000000	25.000000	25.000000	80.000000	80.000000	80.000000	80.000000	25.000000	25.000000	25.000000	25.000000	25.000000	25.000000	25.000000	25.000000	
25.000000	25.000000	25.000000	25.000000	25.000000	25.000000	25.000000	25.000000	25.000000	25.000000	25.000000	25.000000	25.000000	25.000000	25.000000	25.000000	25.000000	25.000000	25.000000	25.000000	
25.000000	25.000000	25.000000	25.000000	25.000000	25.000000	25.000000	25.000000	25.000000	25.000000	25.000000	25.000000	25.000000	25.000000	25.000000	25.000000	25.000000	25.000000	25.000000	25.000000	
25.000000	25.000000	25.000000	25.000000	25.000000	25.000000	25.000000	25.000000	25.000000	25.000000	25.000000	25.000000	25.000000	25.000000	25.000000	25.000000	25.000000	25.000000	25.000000	25.000000	
25.000000	25.000000	25.000000	25.000000	25.000000	25.000000	25.000000	25.000000	25.000000	25.000000	25.000000	25.000000	25.000000	25.000000	25.000000	25.000000	25.000000	25.000000	25.000000	25.000000	
25.000000	25.000000	25.000000	25.000000	25.000000	25.000000	25.000000	25.000000	25.000000	25.000000	25.000000	25.000000	25.000000	25.000000	25.000000	25.000000	25.000000	25.000000	25.000000	25.000000	
25.000000	25.000000	25.000000	25.000000	25.000000	25.000000	25.000000	25.000000	25.000000	25.000000	25.000000	25.000000	25.000000	25.000000	25.000000	25.000000	25.000000	25.000000	25.000000	25.000000	
25.000000	25.000000	25.000000	25.000000	25.000000	25.000000	25.000000	25.000000	25.000000	25.000000	25.000000	25.000000	25.000000	25.000000	25.000000	25.000000	25.000000	25.000000	25.000000	25.000000	
25.000000	25.000000	25.000000	25.000000	25.000000	25.000000	25.000000	25.000000	25.000000	25.000000	25.000000	25.000000	25.000000	25.000000	25.000000	25.000000	25.000000	25.000000	25.000000	25.000000	
25.000000	25.000000	25.000000	25.000000	25.000000	25.000000	25.000000	25.000000	25.000000	25.000000	25.000000	25.000000	25.000000	25.000000	25.000000	25.000000	25.000000	25.000000	25.000000	25.000000	
25.000000	25.000000	25.000000	25.000000	25.000000	25.000000	25.000000	25.000000	25.000000	25.000000	25.000000	25.000000	25.000000	25.000000	25.000000	25.000000	25.000000	25.000000	25.000000	25.000000	
25.000000	25.000000	25.000000	25.000000	25.000000	25.000000	25.000000	25.000000	25.000000	25.000000	25.000000	25.000000	25.000000	25.000000	25.000000	25.000000	25.000000	25.000000	25.000000	25.000000	
25.000000	25.000000	25.000000	25.000000	25.000000	25.000000	25.000000	25.000000	25.000000	25.000000	25.000000	25.000000	25.000000	25.000000	25.000000	25.000000	25.000000	25.000000	25.000000	25.000000	
25.000000	25.000000	25.000000	25.000000	25.000000	25.000000	25.000000	25.000000	25.000000	25.000000	25.000000	25.000000	25.000000	25.000000	25.000000	25.000000	25.000000	25.000000	25.000000	25.000000	
25.000000	25.000000	25.000000	25.000000	25.000000	25.000000	25.000000	25.000000	25.000000	25.000000	25.000000	25.000000	25.000000	25.000000	25.000000	25.000000	25.000000	25.000000	25.000000	25.000000	
25.000000	25.000000	25.000000	25.000000	25.000000	25.000000	25.000000	25.000000	25.000000	25.000000	25.000000	25.000000	25.000000	25.000000	25.000000	25.000000	25.000000	25.000000	25.000000	25.000000	
25.000000	25.000000	25.000000	25.000000	25.000000	25.000000	25.000000	25.000000	30.500000	30.500000	30.500000	30.500000	25.000000	25.000000	25.000000	25.000000	25.000000	25.000000	25.000000	25.000000	
25.000000	25.000000	25.000000	25.000000	25.000000	25.000000	25.000000	30.500000	69.000000	74.500000	74.500000	69.000000	30.500000	25.000000	25.000000	25.000000	25.000000	25.000000	25.000000	25.000000	
25.000000	25.000000	25.000000	25.000000	25.000000	25.000000	25.000000	30.500000	74.500000	80.000000	80.000000	74.500000	30.500000	25.000000	25.000000	25.000000	25.000000	25.000000	25.000000	25.000000	
25.000000	25.000000	25.000000	25.000000	25.000000	25.000000	25.000000	30.500000	74.500000	80.000000	80.000000	74.500000	30.500000	25.000000	25.000000	25.000000	25.000000	25.000000	25.000000	25.000000	
25.000000	25.000000	25.000000	25.000000	25.000000	25.000000	25.000000	30.500000	69.000000	74.500000	74.500000	69.000000	30.500000	25.000000	25.000000	25.000000	25.000000	25.000000	25.000000	25.000000	
25.000000	25.000000	25.000000	25.000000	25.000000	25.000000	25.000000	25.000000	30.500000	30.500000	30.500000	30.500000	25.000000	25.000000	25.000000	25.000000	25.000000	25.000000	25.000000	25.000000	
25.000000	25.000000	25.000000	25.000000	25.000000	25.000000	25.000000	25.000000	25.000000	25.000000	25.000000	25.000000	25.000000	25.000000	25.000000	25.000000	25.000000	25.000000	25.000000	25.000000	
25.000000	25.000000	25.000000	25.000000	25.000000	25.000000	25.000000	25.000000	25.000000	25.000000	25.000000	25.000000	25.000000	25.000000	25.000000	25.000000	25.000000	25.000000	25.000000	25.000000	
25.000000	25.000000	25.000000	25.000000	25.000000	25.000000	25.000000	25.000000	25.000000	25.000000	25.000000	25.000000	25.000000	25.000000	25.000000	25.000000	25.000000	25.000000	25.000000	25.000000	
25.000000	25.000000	25.000000	25.000000	25.000000	25.000000	25.000000	25.000000	25.000000	25.000000	25.000000	25.000000	25.000000	25.000000	25.000000	25.000000	25.000000	25.000000	25.000000	25.000000	
25.000000	25.000000	25.000000	25.000000	25.000000	25.000000	25.000000	25.000000	25.000000	25.000000	25.000000	25.000000	25.000000	25.000000	25.000000	25.000000	25.000000	25.000000	25.000000	25.000000	
25.000000	25.000000	25.000000	25.000000	25.000000	25.000000	25.000000	25.000000	25.000000	25.000000	25.000000	25.000000	25.000000	25.000000	25.000000	25.000000	25.000000	25.000000	25.000000	25.000000	
25.000000	25.000000	25.000000	25.000000	25.000000	25.000000	25.000000	25.000000	25.000000	25.000000	25.000000	25.000000	25.000000	25.000000	25.000000	25.000000	25.000000	25.000000	25.000000	25.000000	
25.000000	25.000000	25.000000	25.000000	25.000000	25.000000	25.000000	25.000000	25.000000	25.000000	25.000000	25.000000	25.000000	25.000000	25.000000	25.000000	25.000000	25.000000	25.000000	25.000000	
25.000000	25.000000	25.000000	25.000000	25.000000	25.000000	25.000000	25.000000	25.000000	25.000000	25.000000	25.000000	25.000000	25.000000	25.000000	25.000000	25.000000	25.000000	25.000000	25.000000	
25.000000	25.000000	25.000000	25.000000	25.000000	25.000000	25.000000	25.000000	25.000000	25.000000	25.000000	25.000000	25.000000	25.000000	25.000000	25.000000	25.000000	25.000000	25.000000	25.000000	
25.000000	25.000000	25.000000	25.000000	25.000000	25.000000	25.000000	25.000000	25.000000	25.000000	25.000000	25.000000	25.000000	25.000000	25.000000	25.000000	25.000000	25.000000	25.000000	25.000000	
25.000000	25.000000	25.000000	25.000000	25.000000	25.000000	25.000000	25.000000	25.000000	25.000000	25.000000	25.000000	25.000000	25.000000	25.000000	25.000000	25.000000	25.000000	25.000000	25.000000	
25.000000	25.000000	25.000000	25.000000	25.000000	25.000000	25.000000	25.000000	25.000000	25.000000	25.000000	25.000000	25.000000	25.000000	25.000000	25.000000	25.000000	25.000000	25.000000	25.000000	
25.000000	25.000000	25.000000	25.000000	25.000000	25.000000	25.000000	25.000000	25.549999	25.549999	25.549999	25.549999	25.000000	25.000000	25.000000	25.000000	25.000000	25.000000	25.000000	25.000000	
25.000000	25.000000	25.000000	25.000000	25.000000	25.000000	25.000000	26.100000	33.250000	34.349998	34.349998	33.250000	26.100000	25.000000	25.000000	25.000000	25.000000	25.000000	25.000000	25.000000	
25.000000	25.000000	25.000000	25.000000	25.000000	25.000000	25.549999	33.250000	62.400002	70.099998	70.099998	62.400002	33.250000	25.549999	25.000000	25.000000	25.000000	25.000000	25.000000	25.000000	
25.000000	25.000000	25.000000	25.000000	25.000000	25.000000	25.549999	34.349998	70.099998	78.900002	78.900002	70.099998	34.349998	25.549999	25.000000	25.000000	25.000000	25.000000	25.000000	25.000000	
25.000000	25.000000	25.000000	25.000000	25.000000	25.000000	25.549999	34.349998	70.099998	78.900002	78.900002	70.099998	34.349998	25.549999	25.000000	25.000000	25.000000	25.000000	25.000000	25.000000	
25.000000	25.000000	25.000000	25.000000	25.000000	25.000000	25.549999	33.250000	62.400002	70.099998	70.099998	62.400002	33.250000	25.549999	25.000000	25.000000	25.000000	25.000000	25.000000	25.000000	
25.000000	25.000000	25.000000	25.000000	25.000000	25.000000	25.000000	26.100000	33.250000	34.349998	34.349998	33.250000	26.100000	25.000000	25.000000	25.000000	25.000000	25.000000	25.000000	25.000000	
25.000000	25.000000	25.000000	25.000000	25.000000	25.000000	25.000000	25.000000	25.549999	25.549999	25.549999	25.549999	25.000000	25.000000	25.000000	25.000000	25.000000	25.000000	25.000000	25.000000	
25.000000	25.000000	25.000000	25.000000	25.000000	25.000000	25.000000	25.000000	25.000000	25.000000	25.000000	25.000000	25.000000	25.000000	25.000000	25.000000	25.000000	25.000000	25.000000	25.000000	
25.000000	25.000000	25.000000	25.000000	25.000000	25.000000	25.000000	25.000000	25.000000	25.000000	25.000000	25.000000	25.000000	25.000000	25.000000	25.000000	25.000000	25.000000	25.000000	25.000000	
25.000000	25.000000	25.000000	25.000000	25.000000	25.000000	25.000000	25.000000	25.000000	25.000000	25.000000	25.000000	25.000000	25.000000	25.000000	25.000000	25.000000	25.000000	25.000000	25.000000	
25.000000	25.000000	25.000000	25.000000	25.000000	25.000000	25.000000	25.000000	25.000000	25.000000	25.000000	25.000000	25.000000	25.000000	25.000000	25.000000	25.000000	25.000000	25.000000	25.000000	
25.000000	25.000000	25.000000	25.000000	25.000000	25.000000	25.000000	25.000000	25.000000	25.000000	25.000000	25.000000	25.000000	25.000000	25.000000	25.000000	25.000000	25.000000	25.000000	25.000000	
25.000000	25.000000	25.000000	25.000000	25.000000	25.000000	25.000000	25.000000	25.000000	25.000000	25.000000	25.000000	25.000000	25.000000	25.000000	25.000000	25.000000	25.000000	25.000000	25.000000	
25.000000	25.000000	25.000000	25.000000	25.000000	25.000000	25.000000	25.000000	25.000000	25.000000	25.000000	25.000000	25.000000	25.000000	25.000000	25.000000	25.000000	25.000000	25.000000	25.000000	
25.000000	25.000000	25.000000	25.000000	25.000000	25.000000	25.000000	25.000000	25.000000	25.000000	25.000000	25.000000	25.000000	25.000000	25.000000	25.000000	25.000000	25.000000	25.000000	25.000000	
25.000000	25.000000	25.000000	25.000000	25.000000	25.000000	25.000000	25.000000	25.000000	25.000000	25.000000	25.000000	25.000000	25.000000	25.000000	25.000000	25.000000	25.000000	25.000000	25.000000	
25.000000	25.000000	25.000000	25.000000	25.000000	25.000000	25.000000	25.000000	25.000000	25.000000	25.000000	25.000000	25.000000	25.000000	25.000000	25.000000	25.000000	25.000000	25.000000	25.000000	
25.000000	25.000000	25.000000	25.000000	25.000000	25.000000	25.000000	25.000000	25.000000	25.000000	25.000000	25.000000	25.000000	25.000000	25.000000	25.000000	25.000000	25.000000	25.000000	25.000000	
25.000000	25.000000	25.000000	25.000000	25.000000	25.000000	25.000000	25.000000	25.055000	25.055000	25.055000	25.055000	25.000000	25.000000	25.000000	25.000000	25.000000	25.000000	25.000000	25.000000	
25.000000	25.000000	25.000000	25.000000	25.000000	25.000000	25.000000	25.164999	26.209999	26.375000	26.375000	26.209999	25.164999	25.000000	25.000000	25.000000	25.000000	25.000000	25.000000	25.000000	
25.000000	25.000000	25.000000	25.000000	25.000000	25.000000	25.165001	27.309999	34.790001	36.934998	36.934998	34.790001	27.309999	25.165001	25.000000	25.000000	25.000000	25.000000	25.000000	25.000000	
25.000000	25.000000	25.000000	25.000000	25.000000	25.055000	26.209999	34.790001	58.110001	66.635002	66.635002	58.110001	34.790001	26.209999	25.055000	25.000000	25.000000	25.000000	25.000000	25.000000	
25.000000	25.000000	25.000000	25.000000	25.000000	25.055000	26.375000	36.934998	66.635002	77.139999	77.139999	66.635002	36.934998	26.375000	25.055000	25.000000	25.000000	25.000000	25.000000	25.000000	
25.000000	25.000000	25.000000	25.000000	25.000000	25.055000	26.375000	36.934998	66.635002	77.139999	77.139999	66.635002	36.934998	26.375000	25.055000	25.000000	25.000000	25.000000	25.000000	25.000000	
25.000000	25.000000	25.000000	25.000000	25.000000	25.055000	26.209999	34.790001	58.110001	66.635002	66.635002	58.110001	34.790001	26.209999	25.055000	25.000000	25.000000	25.000000	25.000000	25.000000	
25.000000	25.000000	25.000000	25.000000	25.000000	25.000000	25.165001	27.309999	34.790001	36.934998	36.934998	34.790001	27.309999	25.165001	25.000000	25.000000	25.000000	25.000000	25.000000	25.000000	
25.000000	25.000000	25.000000	25.000000	25.000000	25.000000	25.000000	25.164999	26.209999	26.375000	26.375000	26.209999	25.164999	25.000000	25.000000	25.000000	25.000000	25.000000	25.000000	25.000000	
25.000000	25.000000	25.000000	25.000000	25.000000	25.000000	25.000000	25.000000	25.055000	25.055000	25.055000	25.055000	25.000000	25.000000	25.000000	25.000000	25.000000	25.000000	25.000000	25.000000	
25.000000	25.000000	25.000000	25.000000	25.000000	25.000000	25.000000	25.000000	25.000000	25.000000	25.000000	25.000000	25.000000	25.000000	25.000000	25.000000	25.000000	25.000000	25.000000	25.000000	
25.000000	25.000000	25.000000	25.000000	25.000000	25.000000	25.000000	25.000000	25.000000	25.000000	25.000000	25.000000	25.000000	25.000000	25.000000	25.000000	25.000000	25.000000	25.000000	25.000000	
25.000000	25.000000	25.000000	25.000000	25.000000	25.000000	25.000000	25.000000	25.000000	25.000000	25.000000	25.000000	25.000000	25.000000	25.000000	25.000000	25.000000	25.000000	25.000000	25.000000	
25.000000	25.000000	25.000000	25.000000	25.000000	25.000000	25.000000	25.000000	25.000000	25.000000	25.000000	25.000000	25.000000	25.000000	25.000000	25.000000	25.000000	25.000000	25.000000	25.000000	
25.000000	25.000000	25.000000	25.000000	25.000000	25.000000	25.000000	25.000000	25.000000	25.000000	25.000000	25.000000	25.000000	25.000000	25.000000	25.000000	25.000000	25.000000	25.000000	25.000000	
25.000000	25.000000	25.000000	25.000000	25.000000	25.000000	25.000000	25.000000	25.000000	25.000000	25.000000	25.000000	25.000000	25.000000	25.000000	25.000000	25.000000	25.000000	25.000000	25.000000	
25.000000	25.000000	25.000000	25.000000	25.000000	25.000000	25.000000	25.000000	25.000000	25.000000	25.000000	25.000000	25.000000	25.000000	25.000000	25.000000	25.000000	25.000000	25.000000	25.000000	
25.000000	25.000000	25.000000	25.000000	25.000000	25.000000	25.000000	25.000000	25.000000	25.000000	25.000000	25.000000	25.000000	25.000000	25.000000	25.000000	25.000000	25.000000	25.000000	25.000000	
25.000000	25.000000	25.000000	25.000000	25.000000	25.000000	25.000000	25.000000	25.000000	25.000000	25.000000	25.000000	25.000000	25.000000	25.000000	25.000000	25.000000	25.000000	25.000000	25.000000	
25.000000	25.000000	25.000000	25.000000	25.000000	25.000000	25.000000	25.000000	25.005501	25.005501	25.005501	25.005501	25.000000	25.000000	25.000000	25.000000	25.000000	25.000000	25.000000	25.000000	
25.000000	25.000000	25.000000	25.000000	25.000000	25.000000	25.000000	25.021999	25.159500	25.181499	25.181499	25.159500	25.021999	25.000000	25.000000	25.000000	25.000000	25.000000	25.000000	25.000000	
25.000000	25.000000	25.000000	25.000000	25.000000	25.000000	25.033001	25.450998	26.864500	27.282499	27.282499	26.864500	25.450998	25.033001	25.000000	25.000000	25.000000	25.000000	25.000000	25.000000	
25.000000	25.000000	25.000000	25.000000	25.000000	25.021999	25.451000	28.377001	35.730499	38.634499	38.634499	35.730499	28.377001	25.451000	25.021999	25.000000	25.000000	25.000000	25.000000	25.000000	
25.000000	25.000000	25.000000	25.000000	25.005501	25.159500	26.864500	35.730499	55.151001	63.863003	63.862999	55.151001	35.730499	26.864500	25.159500	25.005501	25.000000	25.000000	25.000000	25.000000	
25.000000	25.000000	25.000000	25.000000	25.005501	25.181499	27.282499	38.634499	63.862999	75.039001	75.039001	63.863003	38.634499	27.282499	25.181499	25.005501	25.000000	25.000000	25.000000	25.000000	
25.000000	25.000000	25.000000	25.000000	25.005501	25.181499	27.282499	38.634499	63.862999	75.039001	75.039001	63.863003	38.634499	27.282499	25.181499	25.005501	25.000000	25.000000	25.000000	25.000000	
25.000000	25.000000	25.000000	25.000000	25.005501	25.159500	26.864500	35.730499	55.151001	63.863003	63.862999	55.151001	35.730499	26.864500	25.159500	25.005501	25.000000	25.000000	25.000000	25.000000	
25.000000	25.000000	25.000000	25.000000	25.000000	25.021999	25.451000	28.377001	35.730499	38.634499	38.634499	35.730499	28.377001	25.451000	25.021999	25.000000	25.000000	25.000000	25.000000	25.000000	
25.000000	25.000000	25.000000	25.000000	25.000000	25.000000	25.033001	25.450998	26.864500	27.282499	27.282499	26.864500	25.450998	25.033001	25.000000	25.000000	25.000000	25.000000	25.000000	25.000000	
25.000000	25.000000	25.000000	25.000000	25.000000	25.000000	25.000000	25.021999	25.159500	25.181499	25.181499	25.159500	25.021999	25.000000	25.000000	25.000000	25.000000	25.000000	25.000000	25.000000	
25.000000	25.000000	25.000000	25.000000	25.000000	25.000000	25.000000	25.000000	25.005501	25.005501	25.005501	25.005501	25.000000	25.000000	25.000000	25.000000	25.000000	25.000000	25.000000	25.000000	
25.000000	25.000000	25.000000	25.000000	25.000000	25.000000	25.000000	25.000000	25.000000	25.000000	25.000000	25.000000	25.000000	25.000000	25.000000	25.000000	25.000000	25.000000	25.000000	25.000000	
25.000000	25.000000	25.000000	25.000000	25.000000	25.000000	25.000000	25.000000	25.000000	25.000000	25.000000	25.000000	25.000000	25.000000	25.000000	25.000000	25.000000	25.000000	25.000000	25.000000	
25.000000	25.000000	25.000000	25.000000	25.000000	25.000000	25.000000	25.000000	25.000000	25.000000	25.000000	25.000000	25.000000	25.000000	25.000000	25.000000	25.000000	25.000000	25.000000	25.000000	
25.000000	25.000000	25.000000	25.000000	25.000000	25.000000	25.000000	25.000000	25.000000	25.000000	25.000000	25.000000	25.000000	25.000000	25.000000	25.000000	25.000000	25.000000	25.000000	25.000000	
25.000000	25.000000	25.000000	25.000000	25.000000	25.000000	25.000000	25.000000	25.000000	25.000000	25.000000	25.000000	25.000000	25.000000	25.000000	25.000000	25.000000	25.000000	25.000000	25.000000	
25.000000	25.000000	25.000000	25.000000	25.000000	25.000000	25.000000	25.000000	25.000000	25.000000	25.000000	25.000000	25.000000	25.000000	25.000000	25.000000	25.000000	25.000000	25.000000	25.000000	
25.000000	25.000000	25.000000	25.000000	25.000000	25.000000	25.000000	25.000000	25.000000	25.000000	25.000000	25.000000	25.000000	25.000000	25.000000	25.000000	25.000000	25.000000	25.000000	25.000000	
25.000000	25.000000	25.000000	25.000000	25.000000	25.000000	25.000000	25.000000	25.000549	25.000549	25.000549	25.000549	25.000000	25.000000	25.000000	25.000000	25.000000	25.000000	25.000000	25.000000	
25.000000	25.000000	25.000000	25.000000	25.000000	25.000000	25.000000	25.002750	25.019800	25.022551	25.022551	25.019800	25.002750	25.000000	25.000000	25.000000	25.000000	25.000000	25.000000	25.000000	
25.000000	25.000000	25.000000	25.000000	25.000000	25.000000	25.005501	25.074249	25.303051	25.371799	25.371799	25.303051	25.074249	25.005501	25.000000	25.000000	25.000000	25.000000	25.000000	25.000000	
25.000000	25.000000	25.000000	25.000000	25.000000	25.005501	25.110001	25.800249	27.481050	28.165800	28.165800	27.481050	25.800249	25.110001	25.005501	25.000000	25.000000	25.000000	25.000000	25.000000	
25.000000	25.000000	25.000000	25.000000	25.002750	25.074249	25.800249	29.262499	36.341000	39.731750	39.731750	36.341000	29.262499	25.800249	25.074249	25.002750	25.000000	25.000000	25.000000	25.000000	
25.000000	25.000000	25.000000	25.000549	25.019800	25.303051	27.481050	36.341000	53.009300	61.586552	61.586548	53.009300	36.341000	27.481050	25.303051	25.019800	25.000549	25.000000	25.000000	25.000000	
25.000000	25.000000	25.000000	25.000549	25.022551	25.371799	28.165800	39.731750	61.586548	72.803802	72.803802	61.586552	39.731750	28.165800	25.371799	25.022551	25.000549	25.000000	25.000000	25.000000	
25.000000	25.000000	25.000000	25.000549	25.022551	25.371799	28.165800	39.731750	61.586548	72.803802	72.803802	61.586552	39.731750	28.165800	25.371799	25.022551	25.000549	25.000000	25.000000	25.000000	
25.000000	25.000000	25.000000	25.000549	25.019800	25.303051	27.481050	36.341000	53.009300	61.586552	61.586548	53.009300	36.341000	27.481050	25.303051	25.019800	25.000549	25.000000	25.000000	25.000000	
25.000000	25.000000	25.000000	25.000000	25.002750	25.074249	25.800249	29.262499	36.341000	39.731750	39.731750	36.341000	29.262499	25.800249	25.074249	25.002750	25.000000	25.000000	25.000000	25.000000	
25.000000	25.000000	25.000000	25.000000	25.000000	25.005501	25.110001	25.800249	27.481050	28.165800	28.165800	27.481050	25.800249	25.110001	25.005501	25.000000	25.000000	25.000000	25.000000	25.000000	
25.000000	25.000000	25.000000	25.000000	25.000000	25.000000	25.005501	25.074249	25.303051	25.371799	25.371799	25.303051	25.074249	25.005501	25.000000	25.000000	25.000000	25.000000	25.000000	25.000000	
25.000000	25.000000	25.000000	25.000000	25.000000	25.000000	25.000000	25.002750	25.019800	25.022551	25.022551	25.019800	25.002750	25.000000	25.000000	25.000000	25.000000	25.000000	25.000000	25.000000	
25.000000	25.000000	25.000000	25.000000	25.000000	25.000000	25.000000	25.000000	25.000549	25.000549	25.000549	25.000549	25.000000	25.000000	25.000000	25.000000	25.000000	25.000000	25.000000	25.000000	
25.000000	25.000000	25.000000	25.000000	25.000000	25.000000	25.000000	25.000000	25.000000	25.000000	25.000000	25.000000	25.000000	25.000000	25.000000	25.000000	25.000000	25.000000	25.000000	25.000000	
25.000000	25.000000	25.000000	25.000000	25.000000	25.000000	25.000000	25.000000	25.000000	25.000000	25.000000	25.000000	25.000000	25.000000	25.000000	25.000000	25.000000	25.000000	25.000000	25.000000	
25.000000	25.000000	25.000000	25.000000	25.000000	25.000000	25.000000	25.000000	25.000000	25.000000	25.000000	25.000000	25.000000	25.000000	25.000000	25.000000	25.000000	25.000000	25.000000	25.000000	
25.000000	25.000000	25.000000	25.000000	25.000000	25.000000	25.000000	25.000000	25.000000	25.000000	25.000000	25.000000	25.000000	25.000000	25.000000	25.000000	25.000000	25.000000	25.000000	25.000000	
25.000000	25.000000	25.000000	25.000000	25.000000	25.000000	25.000000	25.000000	25.000000	25.000000	25.000000	25.000000	25.000000	25.000000	25.000000	25.000000	25.000000	25.000000	25.000000	25.000000	
25.000000	25.000000	25.000000	25.000000	25.000000	25.000000	25.000000	25.000000	25.000055	25.000055	25.000055	25.000055	25.000000	25.000000	25.000000	25.000000	25.000000	25.000000	25.000000	25.000000	
25.000000	25.000000	25.000000	25.000000	25.000000	25.000000	25.000000	25.000330	25.002365	25.002695	25.002695	25.002365	25.000330	25.000000	25.000000	25.000000	25.000000	25.000000	25.000000	25.000000	
25.000000	25.000000	25.000000	25.000000	25.000000	25.000000	25.000826	25.011055	25.044771	25.055000	25.055000	25.044771	25.011055	25.000826	25.000000	25.000000	25.000000	25.000000	25.000000	25.000000	
25.000000	25.000000	25.000000	25.000000	25.000000	25.001101	25.021725	25.155704	25.476521	25.609400	25.609400	25.476521	25.155704	25.021725	25.001101	25.000000	25.000000	25.000000	25.000000	25.000000	
25.000000	25.000000	25.000000	25.000000	25.000824	25.021725	25.227150	26.172930	28.049641	28.974520	28.974520	28.049641	26.172930	25.227150	25.021725	25.000826	25.000000	25.000000	25.000000	25.000000	
25.000000	25.000000	25.000000	25.000330	25.011055	25.155704	26.172930	29.985750	36.753059	40.421562	40.421562	36.753059	29.985750	26.172930	25.155704	25.011055	25.000330	25.000000	25.000000	25.000000	
25.000000	25.000000	25.000055	25.002365	25.044771	25.476521	28.049641	36.753059	51.391090	59.665073	59.665070	51.391090	36.753059	28.049641	25.476521	25.044771	25.002365	25.000055	25.000000	25.000000	
25.000000	25.000000	25.000055	25.002695	25.055000	25.609400	28.974520	40.421562	59.665070	70.560349	70.560349	59.665073	40.421562	28.974520	25.609400	25.055000	25.002695	25.000055	25.000000	25.000000	
25.000000	25.000000	25.000055	25.002695	25.055000	25.609400	28.974520	40.421562	59.665070	70.560349	70.560349	59.665073	40.421562	28.974520	25.609400	25.055000	25.002695	25.000055	25.000000	25.000000	
25.000000	25.000000	25.000055	25.002365	25.044771	25.476521	28.049641	36.753059	51.391090	59.665073	59.665070	51.391090	36.753059	28.049641	25.476521	25.044771	25.002365	25.000055	25.000000	25.000000	
25.000000	25.000000	25.000000	25.000330	25.011055	25.155704	26.172930	29.985750	36.753059	40.421562	40.421562	36.753059	29.985750	26.172930	25.155704	25.011055	25.000330	25.000000	25.000000	25.000000	
25.000000	25.000000	25.000000	25.000000	25.000824	25.021725	25.227150	26.172930	28.049641	28.974520	28.974520	28.049641	26.172930	25.227150	25.021725	25.000826	25.000000	25.000000	25.000000	25.000000	
25.000000	25.000000	25.000000	25.000000	25.000000	25.001101	25.021725	25.155704	25.476521	25.609400	25.609400	25.476521	25.155704	25.021725	25.001101	25.000000	25.000000	25.000000	25.000000	25.000000	
25.000000	25.000000	25.000000	25.000000	25.000000	25.000000	25.000826	25.011055	25.044771	25.055000	25.055000	25.044771	25.011055	25.000826	25.000000	25.000000	25.000000	25.000000	25.000000	25.000000	
25.000000	25.000000	25.000000	25.000000	25.000000	25.000000	25.000000	25.000330	25.002365	25.002695	25.002695	25.002365	25.000330	25.000000	25.000000	25.000000	25.000000	25.000000	25.000000	25.000000	
25.000000	25.000000	25.000000	25.000000	25.000000	25.000000	25.000000	25.000000	25.000055	25.000055	25.000055	25.000055	25.000000	25.000000	25.000000	25.000000	25.000000	25.000000	25.000000	25.000000	
25.000000	25.000000	25.000000	25.000000	25.000000	25.000000	25.000000	25.000000	25.000000	25.000000	25.000000	25.000000	25.000000	25.000000	25.000000	25.000000	25.000000	25.000000	25.000000	25.000000	
25.000000	25.000000	25.000000	25.000000	25.000000	25.000000	25.000000	25.000000	25.000000	25.000000	25.000000	25.000000	25.000000	25.000000	25.000000	25.000000	25.000000	25.000000	25.000000	25.000000	
25.000000	25.000000	25.000000	25.000000	25.000000	25.000000	25.000000	25.000000	25.000000	25.000000	25.000000	25.000000	25.000000	25.000000	25.000000	25.000000	25.000000	25.000000	25.000000	25.000000	
25.000000	25.000000	25.000000	25.000000	25.000000	25.000000	25.000000	25.000000	25.000006	25.000006	25.000006	25.000006	25.000000	25.000000	25.000000	25.000000	25.000000	25.000000	25.000000	25.000000	
25.000000	25.000000	25.000000	25.000000	25.000000	25.000000	25.000000	25.000038	25.000275	25.000313	25.000313	25.000275	25.000038	25.000000	25.000000	25.000000	25.000000	25.000000	25.000000	25.000000	
25.000000	25.000000	25.000000	25.000000	25.000000	25.000000	25.000114	25.001539	25.006205	25.007627	25.007627	25.006205	25.001539	25.000114	25.000000	25.000000	25.000000	25.000000	25.000000	25.000000	
25.000000	25.000000	25.000000	25.000000	25.000000	25.000193	25.003775	25.026796	25.081358	25.104187	25.104187	25.081358	25.026796	25.003773	25.000193	25.000000	25.000000	25.000000	25.000000	25.000000	
25.000000	25.000000	25.000000	25.000000	25.000193	25.005007	25.051514	25.261644	25.671864	25.877184	25.877184	25.671864	25.261646	25.051514	25.005005	25.000193	25.000000	25.000000	25.000000	25.000000	
25.000000	25.000000	25.000000	25.000114	25.003773	25.051514	25.375221	26.545582	28.567488	29.690224	29.690224	28.567488	26.545584	25.375221	25.051514	25.003773	25.000114	25.000000	25.000000	25.000000	
25.000000	25.000000	25.000038	25.001539	25.026796	25.261646	26.545582	30.576647	37.036640	40.834358	40.834358	37.036640	30.576647	26.545582	25.261646	25.026796	25.001539	25.000038	25.000000	25.000000	
25.000000	25.000006	25.000275	25.006205	25.081356	25.671864	28.567488	37.036640	50.118279	58.002850	58.002850	50.118282	37.036640	28.567488	25.671864	25.081356	25.006205	25.000275	25.000006	25.000000	
25.000000	25.000006	25.000313	25.007627	25.104187	25.877184	29.690224	40.834358	58.002850	68.381294	68.381294	58.002853	40.834358	29.690224	25.877184	25.104187	25.007627	25.000315	25.000006	25.000000	
25.000000	25.000006	25.000313	25.007627	25.104187	25.877184	29.690224	40.834358	58.002850	68.381294	68.381294	58.002853	40.834358	29.690224	25.877184	25.104187	25.007627	25.000315	25.000006	25.000000	
25.000000	25.000006	25.000275	25.006205	25.081356	25.671864	28.567488	37.036640	50.118279	58.002850	58.002850	50.118282	37.036640	28.567488	25.671864	25.081356	25.006205	25.000275	25.000006	25.000000	
25.000000	25.000000	25.000038	25.001539	25.026796	25.261646	26.545582	30.576647	37.036640	40.834358	40.834358	37.036640	30.576647	26.545582	25.261646	25.026796	25.001539	25.000038	25.000000	25.000000	
25.000000	25.000000	25.000000	25.000114	25.003773	25.051514	25.375221	26.545582	28.567488	29.690224	29.690224	28.567488	26.545584	25.375221	25.051514	25.003773	25.000114	25.000000	25.000000	25.000000	
25.000000	25.000000	25.000000	25.000000	25.000193	25.005007	25.051514	25.261644	25.671864	25.877184	25.877184	25.671864	25.261646	25.051514	25.005005	25.000193	25.000000	25.000000	25.000000	25.000000	
25.000000	25.000000	25.000000	25.000000	25.000000	25.000193	25.003775	25.026796	25.081358	25.104187	25.104187	25.081358	25.026796	25.003773	25.000193	25.000000	25.000000	25.000000	25.000000	25.000000	
25.000000	25.000000	25.000000	25.000000	25.000000	25.000000	25.000114	25.001539	25.006205	25.007627	25.007627	25.006205	25.001539	25.000114	25.000000	25.000000	25.000000	25.000000	25.000000	25.000000	
25.000000	25.000000	25.000000	25.000000	25.000000	25.000000	25.000000	25.000038	25.000275	25.000313	25.000313	25.000275	25.000038	25.000000	25.000000	25.000000	25.000000	25.000000	25.000000	25.000000	
25.000000	25.000000	25.000000	25.000000	25.000000	25.000000	25.000000	25.000000	25.000006	25.000006	25.000006	25.000006	25.000000	25.000000	25.000000	25.000000	25.000000	25.000000	25.000000	25.000000	
25.000000	25.000000	25.000000	25.000000	25.000000	25.000000	25.000000	25.000000	25.000000	25.000000	25.000000	25.000000	25.000000	25.000000	25.000000	25.000000	25.000000	25.000000	25.000000	25.000000	
25.000000	25.000000	25.000000	25.000000	25.000000	25.000000	25.000000	25.000000	25.000000	25.000000	25.000000	25.000000	25.000000	25.000000	25.000000	25.000000	25.000000	25.000000	25.000000	25.000000	
25.000000	25.000000	25.000000	25.000000	25.000000	25.000000	25.000000	25.000004	25.000032	25.000036	25.000036	25.000032	25.000004	25.000000	25.000000	25.000000	25.000000	25.000000	25.000000	25.000000	
25.000000	25.000000	25.000000	25.000000	25.000000	25.000000	25.000015	25.000204	25.000820	25.001009	25.001011	25.000820	25.000204	25.000015	25.000000	25.000000	25.000000	25.000000	25.000000	25.000000	
25.000000	25.000000	25.000000	25.000000	25.000000	25.000031	25.000601	25.004238	25.012804	25.016409	25.016409	25.012804	25.004238	25.000599	25.000031	25.000000	25.000000	25.000000	25.000000	25.000000	
25.000000	25.000000	25.000000	25.000000	25.000038	25.000994	25.010126	25.050909	25.129721	25.169548	25.169548	25.129721	25.050909	25.010124	25.000994	25.000038	25.000000	25.000000	25.000000	25.000000	
25.000000	25.000000	25.000000	25.000031	25.000994	25.013346	25.095472	25.386562	25.881886	26.160656	26.160656	25.881886	25.386564	25.095472	25.013344	25.000994	25.000031	25.000000	25.000000	25.000000	
25.000000	25.000000	25.000015	25.000599	25.010124	25.095474	25.544552	26.905449	29.034924	30.311060	30.311060	29.034924	26.905451	25.544552	25.095472	25.010126	25.000599	25.000015	25.000000	25.000000	
25.000000	25.000004	25.000204	25.004238	25.050909	25.386564	26.905449	31.062433	37.231663	41.057022	41.057022	37.231663	31.062433	26.905449	25.386562	25.050909	25.004238	25.000204	25.000004	25.000000	
25.000000	25.000032	25.000820	25.012804	25.129719	25.881886	29.034924	37.231663	49.078865	56.535389	56.535389	49.078869	37.231663	29.034924	25.881886	25.129719	25.012802	25.000820	25.000032	25.000000	
25.000000	25.000036	25.001011	25.016409	25.169548	26.160656	30.311060	41.057022	56.535385	66.305603	66.305603	56.535393	41.057022	30.311060	26.160656	25.169548	25.016409	25.001011	25.000036	25.000000	
25.000000	25.000036	25.001011	25.016409	25.169548	26.160656	30.311060	41.057022	56.535385	66.305603	66.305603	56.535393	41.057022	30.311060	26.160656	25.169548	25.016409	25.001011	25.000036	25.000000	
25.000000	25.000032	25.000820	25.012804	25.129719	25.881886	29.034924	37.231663	49.078865	56.535389	56.535389	49.078869	37.231663	29.034924	25.881886	25.129719	25.012802	25.000820	25.000032	25.000000	
25.000000	25.000004	25.000204	25.004238	25.050909	25.386564	26.905449	31.062433	37.231663	41.057022	41.057022	37.231663	31.062433	26.905449	25.386562	25.050909	25.004238	25.000204	25.000004	25.000000	
25.000000	25.000000	25.000015	25.000599	25.010124	25.095474	25.544552	26.905449	29.034924	30.311060	30.311060	29.034924	26.905451	25.544552	25.095472	25.010126	25.000599	25.000015	25.000000	25.000000	
25.000000	25.000000	25.000000	25.000031	25.000994	25.013346	25.095472	25.386562	25.881886	26.160656	26.160656	25.881886	25.386564	25.095472	25.013344	25.000994	25.000031	25.000000	25.000000	25.000000	
25.000000	25.000000	25.000000	25.000000	25.000038	25.000994	25.010126	25.050909	25.129721	25.169548	25.169548	25.129721	25.050909	25.010124	25.000994	25.000038	25.000000	25.000000	25.000000	25.000000	
25.000000	25.000000	25.000000	25.000000	25.000000	25.000031	25.000601	25.004238	25.012804	25.016409	25.016409	25.012804	25.004238	25.000599	25.000031	25.000000	25.000000	25.000000	25.000000	25.000000	
25.000000	25.000000	25.000000	25.000000	25.000000	25.000000	25.000015	25.000204	25.000820	25.001009	25.001011	25.000820	25.000204	25.000015	25.000000	25.000000	25.000000	25.000000	25.000000	25.000000	
25.000000	25.000000	25.000000	25.000000	25.000000	25.000000	25.000000	25.000004	25.000032	25.000036	25.000036	25.000032	25.000004	25.000000	25.000000	25.000000	25.000000	25.000000	25.000000	25.000000	
25.000000	25.000000	25.000000	25.000000	25.000000	25.000000	25.000000	25.000000	25.000000	25.000000	25.000000	25.000000	25.000000	25.000000	25.000000	25.000000	25.000000	25.000000	25.000000	25.000000	
25.000000	25.000000	25.000000	25.000000	25.000000	25.000000	25.000000	25.000000	25.000004	25.000004	25.000004	25.000004	25.000000	25.000000	25.000000	25.000000	25.000000	25.000000	25.000000	25.000000	
25.000000	25.000000	25.000000	25.000000	25.000000	25.000000	25.000002	25.000027	25.000105	25.000130	25.000130	25.000105	25.000027	25.000002	25.000000	25.000000	25.000000	25.000000	25.000000	25.000000	
25.000000	25.000000	25.000000	25.000000	25.000000	25.000004	25.000090	25.000631	25.001896	25.002434	25.002434	25.001898	25.000631	25.000090	25.000004	25.000000	25.000000	25.000000	25.000000	25.000000	
25.000000	25.000000	25.000000	25.000000	25.000008	25.000177	25.001801	25.008995	25.022802	25.029821	25.029821	25.022800	25.008995	25.001801	25.000177	25.000008	25.000000	25.000000	25.000000	25.000000	
25.000000	25.000000	25.000000	25.000008	25.000221	25.002951	25.020874	25.083611	25.189348	25.249363	25.249363	25.189348	25.083611	25.020872	25.002951	25.000221	25.000008	25.000000	25.000000	25.000000	
25.000000	25.000000	25.000004	25.000177	25.002951	25.027300	25.152742	25.525309	26.100319	26.448708	26.448708	26.100319	25.525311	25.152742	25.027300	25.002951	25.000177	25.000004	25.000000	25.000000	
25.000000	25.000002	25.000090	25.001801	25.020872	25.152744	25.726915	27.246117	29.453960	30.843002	30.843002	29.453960	27.246119	25.726915	25.152742	25.020874	25.001801	25.000090	25.000002	25.000000	
25.000000	25.000027	25.000631	25.008995	25.083611	25.525311	27.246117	31.464884	37.362324	41.147728	41.147728	37.362324	31.464884	27.246117	25.525309	25.083611	25.008995	25.000631	25.000027	25.000000	
25.000004	25.000105	25.001896	25.022800	25.189346	26.100319	29.453959	37.362324	48.200729	55.218922	55.218922	48.200733	37.362324	29.453959	26.100317	25.189346	25.022800	25.001896	25.000105	25.000004	
25.000004	25.000130	25.002434	25.029823	25.249363	26.448708	30.843002	41.147728	55.218918	64.351562	64.351562	55.218925	41.147728	30.843002	26.448708	25.249363	25.029821	25.002434	25.000130	25.000004	
25.000004	25.000130	25.002434	25.029823	25.249363	26.448708	30.843002	41.147728	55.218918	64.351562	64.351562	55.218925	41.147728	30.843002	26.448708	25.249363	25.029821	25.002434	25.000130	25.000004	
25.000004	25.000105	25.001896	25.022800	25.189346	26.100319	29.453959	37.362324	48.200729	55.218922	55.218922	48.200733	37.362324	29.453959	26.100317	25.189346	25.022800	25.001896	25.000105	25.000004	
25.000000	25.000027	25.000631	25.008995	25.083611	25.525311	27.246117	31.464884	37.362324	41.147728	41.147728	37.362324	31.464884	27.246117	25.525309	25.083611	25.008995	25.000631	25.000027	25.000000	
25.000000	25.000002	25.000090	25.001801	25.020872	25.152744	25.726915	27.246117	29.453960	30.843002	30.843002	29.453960	27.246119	25.726915	25.152742	25.020874	25.001801	25.000090	25.000002	25.000000	
25.000000	25.000000	25.000004	25.000177	25.002951	25.027300	25.152742	25.525309	26.100319	26.448708	26.448708	26.100319	25.525311	25.152742	25.027300	25.002951	25.000177	25.000004	25.000000	25.000000	
25.000000	25.000000	25.000000	25.000008	25.000221	25.002951	25.020874	25.083611	25.189348	25.249363	25.249363	25.189348	25.083611	25.020872	25.002951	25.000221	25.000008	25.000000	25.000000	25.000000	
25.000000	25.000000	25.000000	25.000000	25.000008	25.000177	25.001801	25.008995	25.022802	25.029821	25.029821	25.022800	25.008995	25.001801	25.000177	25.000008	25.000000	25.000000	25.000000	25.000000	
25.000000	25.000000	25.000000	25.000000	25.000000	25.000004	25.000090	25.000631	25.001896	25.002434	25.002434	25.001898	25.000631	25.000090	25.000004	25.000000	25.000000	25.000000	25.000000	25.000000	
25.000000	25.000000	25.000000	25.000000	25.000000	25.000000	25.000002	25.000027	25.000105	25.000130	25.000130	25.000105	25.000027	25.000002	25.000000	25.000000	25.000000	25.000000	25.000000	25.000000	
